3953
4006
4022
4260
4278
5294
5293
5275
5251
5298
5303
5194
5272
5253
5179
5315
5308
5387
5893
5896
5356
5284
5178
5354
5247
5192
5213
5266
5240
5290
5285
5268
5340
5311
5267
5175
5923
5271
5174
5173
5249
5339
5188
5375
5191
5894
5292
5250
5276
5310
5667
5199
5878
5656
5621
5177
5390
5197
5389
5296
5189
5355
5357
5180
5269
5633
5234
5360
5719
5746
5753
5326
5759
5725
5880
5677
5701
5892
5437
5803
5804
5870
5802
5822
5787
5363
5329
5864
5879
5807
5819
5331
5433
5735
5885
5851
5801
5843
5772
5771
5770
5799
5470
5789
5452
5849
5811
5485
5530
6153
6080
6141
6155
6159
6120
6177
6156
4421
6166
6163
5472
6070
6064
5492
5394
6044
5783
6097
6092
6111
6161
6139
6087
6067
6112
6129
6131
6178
5529
6100
6101
6060
6123
6062
6081
6069
5533
6124
6089
6119
6047
6025
6147
6167
5349
6103
6095
6065
6151
6170
6152
6117
5960
5476
5518
5903
5882
5599
5598
5605
5584
5583
5588
5594
5562
5590
5566
5543
5556
5576
5552
5560
5574
5496
5510
5515
5460
5438
5497
5563
5509
5399
5505
5962
5445
5573
5961
5973
5888
5990
5985
5975
5945
5948
5946
5957
5890
5938
4027
4142
5673
5690
5418
5920
5646
5654
5692
5693
5417
5672
5898
5414
5413
5921
5663
5628
5914
5764
5762
5449
5396
5461
5450
5636
5644
5409
5652
5434
4994
5668
5380
5430
5423
5707
5729
5431
5527
5684
5909
5685
5751
5924
5902
5744
5760
5711
5365
5768
5717
5703
5747
3930
5743
5640
5745
5420
5816
5830
5471
5871
5834
5855
5835
5848
5592
5857
5812
5346
6113
6142
6127
5986
6014
6018
6090
6073
6158
6099
6000
5493
5980
6136
6162
6061
5123
5351
5477
5541
6107
5144
5931
5474
5889
5906
5524
5578
5596
5597
5540
5503
5439
5421
5400
5528
5502
5788
5791
5553
5526
5897
5482
5481
5483
5500
5521
5519
5520
5523
5579
5441
5459
5458
5468
5422
5440
5925
5442
5508
5401
5404
5956
5582
5408
5581
5565
5425
5406
5428
5572
5463
5427
5448
5571
5554
5548
5551
5567
5564
5426
5589
5555
5446
5478
4512
4734
4777
4485
4454
4464
4151
4444
4767
4120
4262
4123
4423
4155
4465
4333
4215
5101
5072
5095
5020
5018
5056
5029
5335
5055
5084
5085
5076
5367
5352
5028
5063
5282
5200
5032
5139
5137
5154
5151
5369
5052
5093
5126
5043
5385
5062
5040
4283
5054
5166
5065
4742
5361
5031
5088
5066
5328
5211
5359
5238
5383
5181
5258
5309
5257
5933
5252
5255
5424
5348
5259
5373
5304
5165
5176
5067
5283
5193
5256
5314
5060
5098
5058
5388
5128
5372
5074
5036
5393
5013
5050
5112
5068
5121
5146
5183
5071
5201
5110
5015
5097
5324
5229
5044
5136
5117
5230
5246
5226
5232
5231
5089
5319
5225
5333
5077
5035
5300
5638
5658
5660
5649
5665
5666
5623
5687
5626
5207
5087
5153
5014
5706
5737
5901
5306
6020
6041
6074
6012
6088
6086
6085
6084
6055
6078
6029
5964
6028
6007
6010
6034
6032
6031
6009
6008
6145
4340
4714
5490
6049
6046
6004
5444
5586
5429
5506
4997
5005
4999
4973
5003
4953
4946
4968
4965
4942
4940
4963
4943
4964
4984
4954
4986
4938
4962
4961
4974
5119
5155
5135
5064
5384
5083
5334
5318
5078
5317
5017
5138
5048
4797
5104
5336
5242
5261
5205
5260
5224
5206
5343
5204
5374
5171
5263
5236
5341
5170
5680
5709
5741
5748
4669
5587
5604
5607
5591
5469
5612
5568
5580
5547
5535
5546
5614
5473
5457
4996
4803
5011
4998
4949
4948
4780
5006
5004
5012
4944
4978
4981
4977
5157
5159
4976
4957
4941
4970
4958
5162
5161
4794
5102
5163
5160
4995
4985
4937
4979
5120
5156
5152
5140
4967
5113
5164
5106
5009
5010
4969
4992
5195
5047
5312
5150
5124
5021
5073
5129
5037
5107
5016
5370
5038
5145
5026
5019
5082
5386
5118
4947
5134
5094
5099
5103
5100
5116
5090
5127
5053
5122
5001
5337
4956
4951
5934
5886
5141
5114
5320
5023
5241
5105
5187
5186
5184
5203
5235
5912
5350
5217
5218
5322
5216
5321
4606
5051
5046
5245
5081
5763
5728
5756
5617
5911
5453
6083
6072
6146
6132
6105
6118
5927
5944
5955
5996
5456
5952
4517
4790
4685
4644
4709
4759
4516
4784
4673
4289
4534
4776
4404
4580
4511
4567
4347
4348
4499
4497
4475
4584
4674
4639
4739
4370
4609
4588
4365
4695
4392
4456
4542
4520
5917
4368
4699
4636
4453
4700
4561
4540
4388
5916
4432
4655
4738
4650
4640
4603
4450
4367
4687
4495
4522
4468
4670
4535
4545
4500
4621
4544
4477
4611
4543
4715
5929
4607
4713
4646
4610
4564
4353
4376
4645
4364
4623
4625
4587
4565
4724
4586
4608
4371
4478
4523
4518
4403
4391
4390
4455
4412
4782
4342
4541
4718
4589
4624
4702
4706
4399
4401
4498
4479
4474
4664
4725
4705
4496
4433
4744
4358
4686
4510
4452
4411
4413
4349
4335
4684
4415
4360
4519
4343
4362
4470
4355
4374
4402
4345
4683
4745
4386
4680
4701
4361
4440
4662
4380
4463
4717
4675
4710
4585
4398
4396
4337
4604
4443
4716
4622
4471
4507
4445
4599
4451
4490
4743
4539
4730
4462
4740
4651
4657
4414
4758
4553
4336
4439
4605
4503
4121
4990
5325
5208
4696
5625
5057
4989
4231
5371
5765
5416
5757
5761
5736
5710
5708
5733
5722
5702
5749
6068
6066
4652
5512
4383
4579
4795
5983
5971
5974
6182
5488
4741
4435
4661
4638
4476
4635
4637
5158
5133
4950
5130
5000
4972
5109
4939
4971
5096
4960
4988
5070
5049
5080
5033
5143
5142
5091
5108
5030
5022
5061
5132
5039
5024
5169
5185
5262
5202
5244
5042
5148
5168
5233
5243
5221
5222
5214
5167
5223
5264
5227
5228
5079
5281
5464
5210
5190
5239
5215
5212
5196
5368
5219
5280
5086
5353
5265
5279
5147
5270
5278
5220
5041
5237
5254
5907
5125
5045
5075
5209
4259
4966
5092
5115
5111
4952
4987
5149
5069
5025
5877
5027
5307
5679
5661
5876
5344
5289
5716
5750
5364
5700
5715
5611
5608
5609
5613
5511
5557
5501
5479
5536
5405
5603
5602
5606
5569
5558
5575
5559
5525
5487
5327
5466
5534
5447
5467
5465
5585
5411
5517
5410
5403
5972
5443
5987
6291
6290
4934
6302
6305
4909
6294
6429
4910
6423
4911
6425
4912
4913
4914
6428
4905
4920
6285
6289
6301
6306
6283
4922
4916
4918
4921
6286
6288
6426
6431
4917
6303
4919
6293
4906
6430
6424
6295
4933
4903
4908
6298
6296
4915
4935
4927
6422
4936
6297
4907
6292